3
4
10
23
25
26
34
37
41
42
55
58
60
67
68
103
107
119
120
138
139
140
150
151
154
169
170
171
189
195
203
208
211
228
232
236
252
259
266
278
285
286
291
292
298
322
323
327
337
346
363
366
368
378
381
383
393
420
421
438
442
461
466
471
473
494
500
502
514
517
520
524
527
529
538
550
552
555
588
590
594
602
603
605
614
622
639
644
651
656
662
663
667
672
682
687
689
690
692
693
694
701
711
713
720
723
729
737
760
765
777
786
792
812
819
826
827
834
838
851
859
861
888
892
905
906
922
937
946
956
958
963
964
969
970
976
996
999
1006
1016
1043
1044
1045
1049
1054
1057
1062
1066
1069
1073
1077
1078
1083
1096
1103
1112
1117
1119
1134
1138
1140
1146
1152
1153
1158
1162
1179
1202
1214
1231
1256
1262
1265
1268
1273
1289
1311
1319
1324
1326
1331
1332
1334
1364
1388
1393
1396
1397
1408
1413
1418
1427
1429
1437
1447
1465
1474
1483
1490
1497
1504
1505
1508
1510
1519
1538
1542
1552
1556
1560
1561
1562
1582
1591
1607
1624
1627
1631
1648
1656
1657
1671
1695
1698
1704
1732
1748
1757
1759
1775
1776
1781
1784
1798
1805
1822
1828
1834
1836
1847
1852
1853
1864
1865
1866
1879
1883
1884
1889
1891
1895
1914
1929
1936
1945
1948
1951
1960
1966
1980
1983
1985
1992
2000
2006
2008
2011
2045
2056
2058
2066
2068
2071
2074
2082
2083
2084
2088
2093
2101
2104
2108
2112
2116
2124
2128
2133
2141
2143
2148
2158
2191
2194
2200
2206
2226
2232
2237
2247
2255
2257
2258
2273
2274
2284
2288
2300
2317
2323
2342
2362
2367
2374
2377
2383
2385
2392
2394
2410
2426
2428
2437
2438
2449
2453
2462
2464
2473
2475
2486
2491
2492
2494
2497
2506
2510
2513
2526
2531
2540
2554
2560
2561
2564
2566
2571
2581
2585
2591
2595
2619
2634
2640
2643
2654
2659
2660
2662
2663
2667
2683
2694
2705
2706
2707
2713
2742
2746
2750
2752
2778
2790
2794
2805
2817
2821
2831
2857
2858
2866
2869
2875
2877
2890
2895
2921
2927
2931
2933
2937
2941
2943
2956
2977
2989
2996
3001
3005
3012
3014
3022
3031
3032
3033
3050
3053
3057
3080
3090
3095
3097
3109
3116
3122
3130
3131
3148
3164
3192
3198
3221
3224
3232
3237
3245
3248
3254
3258
3264
3272
3292
3298
3319
3320
3328
3342
3345
3359
3372
3391
3395
3398
3404
3405
3406
3408
3412
3431
3433
3441
3444
3468
3472
3474
3499
3509
3522
3528
3532
3533
3547
3549
3567
3572
3580
3583
3585
3590
3601
3603
3606
3607
3620
3621
3625
3631
3643
3644
3655
3668
3671
3696
3705
3708
3717
3728
3729
3744
3747
3754
3761
3764
3767
3768
3772
3773
3786
3787
3799
3805
3807
3809
3814
3828
3835
3844
3854
3862
3873
3876
3878
3884
3889
3920
3929
3930
3935
3936
3939
3940
3948
3964
3974
3981
3983
3986
3992
4011
4035
4040
4047
4049
4054
4070
4076
4084
4091
4093
4095
4103
4118
4119
4132
4136
4141
4143
4145
4150
4160
4161
4168
4177
4186
4189
4191
4197
4211
4219
4237
4241
4262
4270
4282
4285
4289
4296
4305
4307
4311
4312
4314
4324
4328
4329
4332
4339
4353
4359
4364
4369
4377
4382
4384
4388
4411
4434
4436
4437
4472
4474
4479
4488
4493
4510
4520
4532
4533
4545
4547
4559
4572
4574
4583
4585
4587
4602
4605
4607
4609
4611
4616
4632
4635
4636
4638
4646
4648
4649
4651
4659
4665
4674
4675
4678
4692
4699
4703
4724
4734
4736
4737
4739
4746
4757
4800
4820
4827
4841
4842
4849
4855
4862
4871
4889
4890
4895
4900
4901
4907
4923
4930
4936
4955
4957
4969
4975
4989
5003
5007
5021
5025
5031
5032
5033
5036
5039
5043
5049
5053
5056
5069
5073
5078
5085
5093
5094
5096
5115
5118
5126
5131
5135
5149
5159
5162
5173
5174
5186
5192
5195
5210
5214
5218
5236
5243
5245
5249
5270
5294
5324
5360
5377
5379
5381
5384
5386
5390
5395
5409
5411
5423
5462
5471
5477
5480
5485
5491
5497
5507
5513
5515
5519
5528
5533
5541
5542
5549
5556
5565
5568
5570
5574
5581
5583
5598
5618
5633
5658
5665
5670
5681
5696
5721
5729
5741
5745
5746
5753
5756
5762
5783
5785
5788
5791
5795
5804
5808
5823
5827
5843
5850
5857
5864
5882
5885
5893
5914
5933
5939
5946
5951
5960
5964
5997
6013
6018
6043
6058
6079
6081
6089
6094
6100
6111
6120
6124
6127
6128
6153
6158
6159
6171
6178
6182
6185
6188
6197
6206
6212
6236
6242
6260
6261
6266
6275
6290
6294
6302
6311
6313
6316
6319
6320
6325
6327
6342
6349
6350
6355
6360
6370
6380
6383
6389
6398
6409
6411
6414
6426
6446
6448
6454
6456
6484
6485
6490
6502
6507
6510
6514
6519
6532
6536
6538
6541
6547
6548
6566
6577
6585
6604
6609
6610
6613
6652
6660
6666
6667
6671
6678
6683
6684
6685
6689
6693
6706
6711
6712
6720
6732
6733
6749
6752
6755
6758
6760
6770
6783
6787
6789
6802
6819
6832
6833
6835
6846
6852
6858
6867
6869
6872
6873
6874
6879
6886
6896
6906
6908
6910
6914
6916
6920
6928
6930
6931
6936
6940
6948
6949
6952
6966
6968
6972
6977
6986
7001
7003
7029
7036
7063
7065
7068
7069
7116
7119
7144
7148
7149
7150
7178
7189
7194
7196
7199
7201
7209
7232
7245
7276
7284
7286
7288
7290
7299
7300
7301
7304
7305
7307
7314
7327
7346
7357
7359
7365
7367
7370
7372
7374
7378
7379
7380
7381
7382
7390
7425
7434
7441
7443
7444
7448
7454
7456
7471
7496
7508
7511
7514
7518
7530
7534
7549
7572
7580
7581
7589
7606
7608
7613
7615
7617
7620
7645
7655
7663
7671
7672
7682
7693
7699
7702
7707
7715
7716
7724
7725
7726
7730
7739
7747
7752
7759
7763
7768
7798
7811
7820
7827
7840
7843
7846
7849
7865
7872
7899
7905
7908
7934
7939
7942
7949
7954
7960
7970
7971
7976
7993
7997
8004
8011
8022
8031
8042
8054
8056
8061
8062
8065
8066
8070
8100
8110
8112
8118
8133
8141
8153
8172
8173
8187
8189
8193
8198
8239
8240
8251
8256
8258
8265
8266
8267
8269
8283
8291
8296
8310
8314
8321
8329
8335
8342
8349
8357
8363
8366
8367
8376
8397
8403
8404
8414
8437
8438
8440
8456
8461
8463
8465
8497
8499
8502
8504
8506
8511
8515
8526
8572
8574
8576
8582
8587
8588
8589
8590
8594
8599
8606
8616
8626
8639
8643
8675
8678
8686
8707
8713
8731
8732
8748
8754
8755
8764
8768
8773
8781
8792
8806
8807
8811
8817
8823
8828
8831
8833
8844
8849
8851
8854
8856
8861
8869
8872
8878
8887
8910
8916
8948
8950
8952
8966
8970
8973
8974
8978
8979
8980
8985
8987
9000
9003
9023
9030
9033
9036
9045
9062
9064
9065
9067
9068
9069
9070
9073
9079
9086
9101
9105
9125
9128
9151
9152
9154
9158
9169
9171
9172
9178
9183
9188
9197
9202
9205
9208
9216
9219
9222
9223
9258
9264
9267
9288
9297
9315
9322
9332
9334
9335
9336
9339
9340
9355
9361
9365
9366
9375
9377
9378
9406
9411
9414
9424
9431
9438
9451
9463
9466
9468
9469
9483
9497
9522
9536
9538
9542
9544
9553
9565
9572
9576
9579
9581
9582
9591
9606
9607
9610
9619
9633
9636
9638
9640
9641
9646
9653
9665
9676
9677
9679
9693
9697
9706
9708
9714
9715
9730
9736
9739
9740
9749
9758
9766
9768
9774
9775
9779
9794
9798
9799
9805
9815
9821
9829
9830
9854
9864
9877
9900
9901
9909
9917
9932
9952
9960
9962
9975
9983
10000
10025
10028
10040
10049
10058
10060
10063
10083
10085
10087
10091
10097
10103
10106
10129
10136
10142
10144
10161
10162
10173
10182
10196
10206
10214
10215
10225
10227
10229
10232
10237
10247
10252
10254
10256
10263
10271
10273
10276
10299
10300
10314
10317
10326
10334
10340
10345
10346
10355
10357
10362
10370
10383
10388
10397
10403
10405
10413
10414
10419
10424
10425
10443
10452
10466
10471
10478
10479
10481
10484
10488
10498
10505
10524
10530
10536
10538
10548
10561
10588
10591
10595
10610
10617
10643
10650
10670
10677
10678
10682
10694
10712
10715
10718
10738
10740
10750
10758
10760
10762
10767
10779
10809
10831
10839
10843
10884
10889
10897
10903
10904
10911
10914
10920
10934
10940
10943
10949
10952
10953
10954
10956
10958
10972
10978
10994
11001
11024
11036
11042
11054
11058
11060
11063
11083
11097
11105
11106
11115
11120
11124
11127
11128
11135
11138
11162
11169
11173
11177
11185
11197
11213
11224
11231
11237
11248
11257
11258
11261
11266
11269
11273
11277
11282
11286
11288
11301
11323
11339
11343
11351
11352
11359
11367
11383
11385
11386
11395
11415
11419
11428
11435
11442
11459
11460
11493
11496
11520
11549
11559
11564
11568
11580
11589
11595
11612
11618
11620
11621
11636
11639
11643
11644
11647
11653
11663
11676
11685
11686
11697
11704
11707
11713
11718
11730
11737
11748
11749
11756
11762
11767
11772
11781
11782
11787
11790
11810
11815
11828
11830
11834
11843
11857
11865
11867
11868
11869
11879
11882
11889
11895
11903
11908
11910
11911
11913
11925
11932
11933
11934
11945
12000
12005
12010
12019
12028
12029
12030
12035
12042
12055
12059
12061
12065
12079
12080
12096
12135
12142
12143
12144
12145
12152
12157
12161
12172
12178
12181
12188
12190
12197
12204
12209
12212
12220
12221
12222
12229
12241
12244
12252
12256
12263
12266
12277
12285
12287
12301
12303
12304
12306
12308
12315
12321
12326
12328
12332
12339
12346
12366
12385
12387
12399
12404
12408
12409
12419
12433
12437
12460
12465
12479
12509
12523
12525
12526
12527
12528
12531
12538
12543
12546
12548
12582
12588
12602
12603
12607
12610
12619
12623
12636
12659
12661
12665
12673
12680
12689
12694
12698
12709
12724
12730
12733
12742
12752
12755
12756
12759
12762
12770
12771
12778
12800
12810
12814
12820
12828
12833
12847
12849
12861
12875
12882
12888
12889
12903
12906
12926
12939
12948
12952
12957
12958
12961
12968
12969
12982
12985
12993
13002
13008
13020
13038
13049
13056
13062
13064
13065
13068
13090
13095
13101
13111
13130
13133
13134
13139
13144
13152
13159
13167
13170
13173
13180
13181
13185
13193
13203
13207
13212
13215
13217
13219
13243
13244
13249
13258
13264
13270
13273
13276
13281
13284
13301
13306
13313
13331
13351
13352
13361
13363
13371
13372
13379
13383
13407
13411
13419
13429
13431
13447
13455
13457
13474
13477
13482
13483
13513
13532
13540
13544
13557
13559
13577
13580
13585
13604
13607
13610
13615
13617
13631
13647
13648
13661
13666
13669
13674
13675
13681
13682
13685
13689
13697
13711
13717
13719
13721
13725
13733
13747
13749
13751
13766
13769
13772
13774
13787
13790
13819
13841
13860
13898
13900
13913
13922
13924
13949
13953
13956
13970
13974
13981
13989
13993
13994
14007
14016
14023
14025
14042
14058
14061
14065
14093
14096
14103
14106
14109
14113
14114
14119
14132
14134
14137
14141
14150
14153
14154
14173
14175
14176
14183
14194
14203
14214
14216
14229
14237
14242
14250
14259
14280
14295
14296
14299
14305
14306
14311
14313
14336
14337
14343
14355
14358
14389
14393
14398
14403
14407
14414
14417
14423
14426
14431
14433
14437
14444
14449
14451
14460
14462
14484
14486
14492
14497
14506
14508
14540
14541
14543
14552
14559
14573
14579
14580
14582
14586
14592
14595
14607
14608
14614
14615
14620
14622
14635
14649
14662
14668
14670
14676
14680
14681
14698
14701
14712
14715
14721
14722
14727
14737
14754
14759
14767
14782
14804
14806
14812
14816
14828
14833
14840
14847
14851
14864
14866
14879
14888
14894
14904
14916
14920
14950
14956
14957
14972
15012
15016
15022
15028
15031
15047
15048
15051
15065
15069
15070
15074
15078
15083
15087
15095
15099
15101
15127
15130
15146
15149
15163
15171
15179
15183
15188
15200
15214
15216
15226
15242
15243
15244
15247
15251
15256
15282
15285
15288
15291
15292
15304
15338
15344
15351
15352
15355
15366
15370
15375
15383
15387
15388
15389
15390
15391
15398
15406
15407
15423
15429
15434
15451
15452
15453
15472
15490
15502
15507
15519
15521
15524
15532
15537
15545
15552
15557
15558
15574
15575
15579
15585
15586
15590
15593
15594
15597
15599
15611
15615
15634
15639
15646
15649
15665
15667
15668
15674
15677
15693
15701
15706
15712
15713
15715
15728
15730
15735
15738
15739
15762
15766
15778
15780
15781
15794
15801
15805
15815
15835
15840
15847
15858
15860
15862
15875
15897
15911
15925
15933
15946
15955
15964
15969
15970
15971
15982
15988
15989
16000
16009
16012
16020
16027
16036
16045
16046
16055
16059
16071
16072
16074
16086
16089
16101
16103
16109
16110
16112
16113
16137
16158
16175
16176
16187
16198
16199
16209
16215
16234
16237
16238
16240
16244
16252
16253
16264
16266
16273
16276
16284
16291
16299
16303
16304
16324
16327
16335
16342
16345
16347
16349
16353
16360
16385
16394
16396
16402
16414
16426
16428
16438
16459
16461
16463
16465
16472
16483
16492
16496
16499
16501
16502
16527
16535
16547
16552
16580
16587
16588
16589
16600
16620
16622
16628
16632
16634
16637
16642
16644
16645
16655
16664
16674
16679
16681
16693
16694
16700
16705
16722
16725
16728
16734
16736
16739
16741
16744
16764
16766
16767
16781
16802
16823
16829
16831
16835
16838
16870
16871
16880
16884
16900
16901
16904
16908
16913
16937
16943
16947
16949
16951
16970
16972
16977
16978
16980
16987
16996
17003
17014
17020
17025
17038
17041
17042
17043
17046
17061
17062
17076
17079
17098
17115
17120
17122
17124
17126
17128
17129
17147
17149
17159
17167
17172
17180
17182
17190
17194
17198
17212
17223
17234
17237
17240
17244
17250
17267
17278
17282
17287
17290
17320
17324
17326
17332
17333
17336
17339
17352
17373
17380
17386
17388
17398
17400
17401
17406
17411
17416
17418
17422
17424
17426
17436
17440
17442
17457
17469
17483
17486
17487
17493
17498
17512
17525
17535
17545
17550
17565
17568
17569
17570
17577
17578
17583
17590
17595
17607
17616
17617
17624
17635
17641
17642
17645
17652
17666
17674
17680
17683
17697
17704
17711
17714
17722
17723
17726
17727
17729
17737
17739
17746
17748
17749
17750
17758
17761
17770
17772
17779
17783
17784
17791
17810
17814
17818
17823
17834
17836
17841
17853
17867
17873
17877
17887
17896
17906
17907
17915
17918
17939
17947
17953
17959
17968
17969
17977
17978
17980
17986
17989
17990
17993
17994
18008
18012
18035
18046
18055
18058
18064
18068
18075
18085
18099
18101
18103
18110
18119
18162
18168
18182
18190
18192
18193
18199
18200
18208
18221
18238
18256
18262
18263
18267
18273
18282
18288
18290
18301
18317
18324
18335
18350
18362
18366
18369
18380
18386
18390
18396
18408
18409
18410
18415
18418
18430
18445
18466
18484
18489
18504
18508
18518
18522
18548
18558
18568
18569
18584
18586
18589
18593
18595
18601
18619
18622
18631
18648
18651
18655
18669
18673
18680
18683
18685
18697
18712
18715
18722
18727
18743
18745
18748
18751
18762
18763
18768
18772
18774
18777
18779
18782
18783
18806
18812
18815
18819
18846
18847
18860
18862
18874
18876
18879
18880
18882
18883
18895
18901
18906
18908
18909
18914
18926
18939
18958
18964
18975
18984
18993
18996
19007
19025
19030
19033
19048
19049
19054
19057
19062
19075
19086
19092
19095
19102
19105
19115
19117
19128
19133
19137
19143
19149
19150
19166
19167
19175
19190
19198
19211
19218
19223
19226
19236
19238
19241
19242
19257
19276
19277
19279
19282
19315
19329
19338
19341
19357
19366
19388
19396
19397
19399
19400
19407
19414
19417
19449
19450
19467
19473
19476
19478
19491
19492
19508
19521
19529
19530
19541
19542
19544
19545
19556
19567
19580
19581
19601
19612
19614
19618
19627
19629
19631
19638
19641
19644
19647
19651
19654
19655
19662
19689
19693
19723
19731
19746
19768
19769
19774
19788
19790
19793
19800
19821
19823
19825
19838
19841
19843
19845
19862
19865
19888
19890
19909
19912
19914
19937
19941
19956
19973
19976
19982
19985
19989
19998
20004
20008
20015
20018
20023
20038
20044
20061
20070
20091
20094
20101
20118
20122
20125
20130
20134
20137
20142
20149
20150
20154
20156
20158
20163
20170
20171
20173
20180
20197
20198
20215
20216
20219
20233
20236
20245
20250
20251
20264
20265
20276
20277
20279
20284
20298
20305
20308
20310
20320
20329
20331
20350
20351
20353
20357
20363
20371
20374
20399
20419
20458
20459
20460
20462
20482
20488
20494
20495
20499
20510
20512
20525
20539
20542
20564
20567
20581
20583
20597
20599
20600
20609
20612
20614
20639
20647
20649
20653
20656
20657
20658
20661
20672
20675
20717
20731
20743
20744
20758
20760
20779
20783
20785
20787
20788
20790
20792
20794
20795
20799
20800
20812
20824
20827
20832
20835
20836
20842
20844
20866
20880
20883
20885
20903
20922
20927
20945
20951
20954
20956
20960
20975
20978
20979
20998
20999
21001
21002
21003
21006
21007
21011
21021
21024
21032
21034
21036
21050
21054
21073
21076
21091
21093
21111
21114
21122
21125
21139
21140
21146
21149
21150
21157
21167
21169
21186
21207
21208
21225
21229
21238
21242
21247
21257
21264
21272
21278
21279
21294
21299
21314
21317
21336
21343
21356
21365
21384
21390
21402
21405
21414
21427
21431
21433
21445
21446
21454
21461
21470
21479
21492
21498
21504
21517
21534
21538
21539
21544
21554
21556
21558
21559
21564
21585
21594
21604
21605
21616
21618
21619
21626
21637
21644
21645
21647
21648
21649
21670
21678
21682
21704
21712
21719
21730
21744
21752
21754
21758
21763
21768
21788
21789
21796
21797
21802
21818
21822
21829
21830
21838
21840
21843
21844
21845
21850
21859
21863
21869
21873
21879
21880
21883
21899
21916
21919
21927
21938
21942
21954
21965
21967
21975
21979
21984
21993
21994
22004
22014
22015
22018
22030
22034
22037
22041
22052
22055
22059
22060
22061
22070
22084
22091
22105
22116
22127
22129
22142
22144
22148
22159
22174
22176
22190
22193
22198
22200
